GroupID	x	y	z	group_mHI	group_R200	mass_select	radius_select
0	52104.383	79033.15	137240.0	172227820000.0	1004.11566	1	1
1	118539.664	65669.875	194496.83	144475590000.0	936.536	1	1
2	40141.758	46890.72	147957.5	117778145000.0	1048.3232	1	1
3	135942.47	31929.697	32333.105	104450750000.0	1041.7998	1	1
4	101909.82	21407.7	137475.97	136246810000.0	936.8835	1	1
6	177766.44	77747.15	1126.1403	211548050000.0	807.136	1	1
7	83544.59	142774.6	152662.28	88427760000.0	892.57874	1	1
8	59558.164	9446.169	97155.66	137520450000.0	884.395	1	1
9	106026.125	4034.5503	27995.428	172557120000.0	779.3833	1	1
10	49044.383	48373.93	62107.06	143865950000.0	835.0698	1	1
11	99997.65	201815.84	32008.156	143832290000.0	807.2216	1	1
12	17224.07	140023.64	99012.38	163610030000.0	452.39316	1	0
13	49900.453	28904.666	177750.17	162164650000.0	752.2559	1	1
14	54870.48	47841.527	5405.3057	108193440000.0	802.6614	1	1
15	43395.793	88826.234	81985.38	43771630000.0	822.6651	1	1
17	149503.77	179300.78	89183.61	114063560000.0	791.28723	1	1
19	203660.5	103225.8	188482.03	230212830000.0	732.7826	1	0
20	177492.27	28873.646	158736.66	121741380000.0	742.27264	1	0
21	116211.09	64345.97	35845.07	157259350000.0	710.2626	1	0
22	92183.69	30716.375	6796.5557	88894340000.0	799.47766	1	1
23	46394.01	48655.367	151390.05	63006140000.0	812.07996	0	1
24	53484.402	177471.75	106737.336	140870010000.0	656.3342	1	0
25	47858.06	40400.03	158852.94	120496830000.0	767.0739	1	1
26	78965.945	126201.516	197485.55	129243450000.0	610.00397	1	0
28	159956.89	126573.625	165794.23	151881020000.0	753.376	1	1
29	44594.086	186853.06	101072.0	136997680000.0	723.11554	1	0
30	79833.72	72973.73	49297.29	108367410000.0	758.3116	1	1
31	59616.89	127174.85	69216.266	79214630000.0	777.9494	1	1
32	97486.56	26613.723	142137.17	121178550000.0	760.0955	0	1
33	2555.4617	90334.086	181623.06	85999260000.0	703.90564	1	0
34	149675.0	134052.38	60828.13	79798740000.0	760.9892	1	1
36	54901.586	137094.84	31716.938	42165460000.0	760.6005	1	1
37	171805.88	67189.93	166348.88	125913840000.0	750.03894	1	1
38	204994.55	1081.5936	143079.98	72376520000.0	741.5042	1	0
39	7812.032	173140.19	82416.99	113792614000.0	679.69415	1	0
40	60154.734	46107.176	29656.797	88778040000.0	680.1247	1	0
41	93485.695	1650.5718	52373.99	58335740000.0	753.87445	1	1
43	55158.645	137424.36	51252.0	46678696000.0	709.4169	1	0
46	54054.75	65163.883	204139.62	141418070000.0	570.2436	1	0
47	168829.45	175498.44	105649.15	86098880000.0	696.0463	1	0
48	104353.8	90883.086	110615.516	74704290000.0	671.6947	1	0
49	90334.06	152818.83	61147.426	119573810000.0	550.03876	1	0
51	85559.97	135351.97	197523.52	44451300000.0	709.22205	1	0
52	72002.06	176895.1	50178.816	156545960000.0	528.12067	1	0
53	41770.44	140411.22	165660.02	56027095000.0	705.3339	1	0
54	124902.6	57909.906	26523.244	86307330000.0	526.02155	1	0
55	51579.004	61920.668	15997.892	115588210000.0	645.2153	1	0
56	96378.93	106355.13	81683.41	71679620000.0	665.20917	1	0
58	135659.94	135146.12	78578.23	124430970000.0	551.25684	1	0
60	71944.73	108535.86	62221.074	112870740000.0	634.52026	1	0
63	54667.766	38686.977	165334.4	80654524000.0	637.2917	1	0
64	129593.62	99285.23	50664.3	105245500000.0	642.82355	1	0
65	169445.77	114736.12	156060.84	83350920000.0	687.7733	1	0
66	146771.56	88799.31	4919.0386	73405680000.0	476.6754	1	0
67	52111.28	143856.56	79985.48	81119790000.0	537.10986	1	0
68	62145.918	15773.725	127235.68	71751670000.0	538.0743	1	0
69	87653.96	163560.5	9331.195	141180600000.0	445.69403	1	0
71	41651.13	21484.81	50779.523	130567520000.0	644.54614	1	0
72	187988.88	71274.17	172342.95	73649710000.0	689.4366	1	0
74	138050.38	47460.312	161635.11	62716895000.0	634.4679	1	0
77	204526.55	196476.12	201986.86	97560480000.0	613.4664	1	0
78	17291.816	182546.0	56807.22	113850760000.0	557.7907	1	0
79	125875.67	180110.17	70878.2	162550710000.0	438.81897	1	0
83	87281.83	191853.39	66795.664	145464210000.0	431.97064	1	0
84	95162.58	189344.28	135957.61	100444490000.0	540.4546	1	0
86	150319.73	52780.676	162134.56	74912730000.0	562.65063	1	0
88	185358.47	58826.832	173587.98	119711244000.0	494.52457	1	0
89	34312.1	171798.97	37878.42	47959470000.0	593.90765	1	0
94	83108.09	145429.06	105686.25	56775504000.0	584.73706	1	0
95	100194.836	11756.649	129736.15	72659100000.0	548.2229	1	0
96	103007.195	149494.67	136998.48	58060157000.0	647.03033	1	0
97	182212.84	132868.53	53414.113	125593320000.0	592.31396	1	0
99	98684.81	116121.875	201055.25	68934270000.0	648.9608	1	0
100	168551.12	129048.59	155790.73	34481970000.0	659.5031	1	0
102	47876.766	56684.65	65513.82	70077270000.0	635.08844	1	0
103	89232.95	20020.861	128328.68	41817563000.0	598.1475	1	0
104	42576.3	187797.61	82523.61	36075733000.0	656.1984	1	0
105	23029.123	105306.086	143020.22	66996170000.0	473.31995	1	0
106	40621.582	96434.336	114147.2	49362117000.0	655.6211	1	0
108	52430.74	187302.89	87776.29	83783300000.0	557.10724	1	0
109	26482.635	93019.305	83396.87	86541810000.0	638.29	1	0
112	120722.77	93603.59	91041.35	76257150000.0	537.08704	1	0
116	45530.727	79082.07	167314.31	29221018000.0	638.1786	1	0
117	173734.19	53257.54	166972.39	78527324000.0	483.68277	1	0
125	199461.89	107597.77	32174.34	50674926000.0	650.63617	1	0
126	53662.38	202742.03	136717.62	50063150000.0	627.4688	1	0
128	109172.58	151676.55	201719.5	38659710000.0	576.86383	1	0
129	116910.71	190891.53	130941.88	48253387000.0	624.9745	1	0
130	181197.55	188376.33	170889.22	71188730000.0	600.68665	1	0
131	57751.348	203652.0	72677.93	35077610000.0	605.54346	1	0
135	17447.268	114676.75	137485.86	47165700000.0	626.59894	1	0
137	188443.97	102970.266	164149.66	61648580000.0	575.75037	1	0
139	181009.52	52075.594	52539.62	40030500000.0	566.79956	1	0
141	180985.27	8565.656	4211.8833	42696230000.0	609.8753	1	0
142	25797.95	181715.36	37697.812	36580490000.0	632.59924	1	0
144	24719.068	124971.58	10681.128	66735200000.0	552.8714	1	0
145	153634.77	118572.414	188119.47	30204852000.0	634.3377	1	0
149	121624.33	83246.97	175069.48	53996904000.0	592.8642	1	0
154	101378.67	117636.07	25025.34	63677784000.0	614.68494	1	0
157	51110.95	52233.008	203730.11	40593502000.0	602.4688	1	0
160	57539.195	88406.68	14018.359	68396730000.0	506.89548	1	0
162	59078.355	31325.584	59782.3	72072400000.0	545.95636	1	0
164	187726.98	12482.888	104339.11	30650104000.0	536.6955	1	0
166	185701.02	108094.72	191338.22	96975060000.0	585.9988	1	0
167	167554.45	167921.12	56791.902	62779232000.0	512.54095	1	0
168	23908.898	38758.47	141246.27	70516540000.0	573.1322	1	0
172	16686.826	168725.98	14549.136	50768370000.0	558.9193	1	0
177	171215.77	19877.238	162931.89	110794130000.0	408.4627	1	0
178	145945.6	15996.808	111949.516	18120598000.0	570.0357	1	0
179	81044.81	35194.902	9955.803	46948344000.0	593.14703	1	0
180	142094.6	52969.367	11817.868	54317904000.0	534.5057	1	0
183	99770.414	24687.318	15272.848	48211420000.0	567.0015	1	0
187	56417.535	186777.06	64131.434	42527840000.0	582.62335	1	0
189	20659.236	11057.107	202335.69	76343970000.0	559.65076	1	0
190	83761.1	176819.2	54318.766	46965342000.0	571.4689	1	0
192	198742.11	50283.895	47842.47	79941490000.0	479.6568	1	0
193	55213.13	51990.367	153869.6	72642280000.0	564.23584	1	0
194	166297.89	95387.13	37807.29	51160257000.0	589.2618	1	0
195	2599.2566	5844.858	44842.04	23661386000.0	603.3621	1	0
197	69064.8	172986.52	197149.08	43973860000.0	567.0473	1	0
198	202437.64	118399.45	196153.78	51431707000.0	390.9166	1	0
206	134109.52	78230.2	14091.42	38957134000.0	590.38257	1	0
207	12068.746	125977.625	197129.52	43229800000.0	551.54755	1	0
209	159148.72	103284.17	51548.23	58207412000.0	510.5596	1	0
210	178263.86	106155.4	202773.81	75672080000.0	517.54425	1	0
212	8375.301	202384.56	5202.5786	79936750000.0	552.16656	1	0
213	79531.86	46793.78	130346.695	27002597000.0	450.68787	1	0
216	197773.67	115249.73	202432.12	60747555000.0	550.81195	1	0
217	161810.45	45378.72	77787.18	66513084000.0	548.45886	1	0
223	56064.17	29414.738	52356.58	92845690000.0	463.23785	1	0
224	150018.34	66568.984	78725.3	35352437000.0	561.0749	1	0
226	84081.82	80530.47	53386.652	41775640000.0	549.2748	1	0
229	150089.84	96135.41	177739.03	64627770000.0	548.74805	1	0
230	82165.29	197609.14	41282.273	38364856000.0	466.50635	1	0
231	34214.812	41288.887	131674.9	32244036000.0	517.0543	1	0
232	145051.08	14953.464	145334.17	85082330000.0	444.4162	1	0
234	43107.555	182057.17	66154.47	69057765000.0	463.77188	1	0
235	22133.73	108572.1	180951.97	68400312000.0	566.982	1	0
238	157635.4	129625.59	14481.908	95348260000.0	474.5267	1	0
239	101790.99	90471.81	65240.58	58642240000.0	512.62854	1	0
240	201304.78	70971.06	85538.77	95970060000.0	426.88867	1	0
243	135370.7	44595.562	148655.05	51250545000.0	448.77966	1	0
245	7681.1387	3506.127	123447.484	57301260000.0	541.0865	1	0
246	62577.254	180397.22	53069.508	77269760000.0	457.40497	1	0
248	168057.58	184105.31	32612.904	58069602000.0	540.5847	1	0
249	43895.613	98034.72	36399.18	46004236000.0	558.00806	1	0
250	133467.2	159757.92	121318.73	59670876000.0	578.144	1	0
251	115636.734	24282.896	124164.11	42809340000.0	416.88736	1	0
253	89194.04	70363.01	29368.652	52286943000.0	544.82043	1	0
255	146550.55	92113.805	65249.65	77532380000.0	486.92398	1	0
259	72589.29	96987.59	157580.77	48583786000.0	554.6616	1	0
260	199757.89	151533.03	167384.58	44067400000.0	522.4334	1	0
261	33353.383	106768.65	161609.03	70863210000.0	400.0837	1	0
265	52137.195	111342.35	133049.55	37385350000.0	543.8463	1	0
271	114402.4	146836.11	74743.69	75061680000.0	557.9754	1	0
277	58813.98	29605.291	44450.605	63516033000.0	557.0759	1	0
285	184898.31	110653.12	68.67364	67632992000.0	547.99677	1	0
287	15319.687	5661.908	156393.0	29571002000.0	558.54364	1	0
291	3776.8428	107314.414	23977.373	35611296000.0	418.41516	1	0
295	31518.176	70589.03	2138.5996	52323906000.0	533.6684	1	0
299	110719.6	47763.484	176025.92	27508408000.0	555.4085	1	0
316	146950.12	131937.89	152603.25	26992378000.0	531.71173	1	0
327	62307.254	128404.99	75364.63	34555790000.0	445.543	1	0
331	155833.22	64441.25	143497.03	42431220000.0	542.55994	1	0
336	129036.5	173788.11	74073.16	92988870000.0	428.09094	1	0
340	37454.59	86317.85	159124.89	46196773000.0	479.4483	1	0
344	117666.02	134784.94	176069.03	67888620000.0	484.79694	1	0
346	144366.89	57952.94	137438.3	16752369000.0	512.123	1	0
355	69637.14	10354.817	188524.66	80473820000.0	424.82986	1	0
359	177989.12	189697.5	133801.06	34431672000.0	530.2901	1	0
367	198661.33	153377.39	186102.77	45523636000.0	369.4439	1	0
369	165901.55	29581.352	160702.97	58609720000.0	448.78192	1	0
371	126769.16	82906.71	11140.755	92211860000.0	469.96475	1	0
379	192031.77	196139.52	47997.82	54887540000.0	526.34015	1	0
380	75164.61	11593.44	106174.66	59512280000.0	435.38333	1	0
382	49558.055	88161.88	203333.61	35083293000.0	444.0915	1	0
390	100982.32	81657.01	60596.49	46590767000.0	508.17886	1	0
396	132286.25	55527.266	2868.7686	50100347000.0	505.39737	1	0
397	56020.977	59181.04	140460.88	24772653000.0	530.1176	1	0
402	167891.69	58412.96	64455.55	39011254000.0	462.0096	1	0
410	48298.133	112824.195	174195.23	43194057000.0	511.9619	1	0
416	87385.695	73690.96	86662.5	64123404000.0	468.89996	1	0
431	190101.77	146490.89	180878.2	65258516000.0	502.38892	1	0
434	125506.32	47685.113	20550.5	45854450000.0	512.0702	1	0
435	165208.28	51004.82	160903.12	55850310000.0	365.10672	1	0
451	23496.305	171458.8	120946.18	16931919000.0	506.1329	1	0
460	154619.45	125220.17	52596.836	64013013000.0	408.11105	1	0
466	100418.18	157514.61	153359.45	37007344000.0	513.2001	1	0
472	95753.484	144083.39	37783.16	58120770000.0	404.02582	1	0
479	156119.86	100413.13	167220.22	28816564000.0	483.25244	1	0
486	32496.164	77964.24	143535.23	28353112000.0	513.22296	1	0
498	181333.56	40313.99	84292.555	20120918000.0	495.99194	1	0
500	47179.023	80226.46	36690.55	26541203000.0	485.39236	1	0
503	85468.78	120929.93	79358.89	65950740000.0	444.82556	1	0
509	166390.97	24291.992	39494.793	23261030000.0	491.23074	1	0
520	128769.43	147194.62	136941.53	38500550000.0	478.8368	1	0
530	134961.4	161698.52	186027.25	30126221000.0	474.09753	1	0
538	90995.3	79591.06	34927.832	42008027000.0	485.93976	1	0
547	80516.34	110326.54	89639.664	38922342000.0	409.79953	1	0
550	150942.17	173380.83	68022.4	34267013000.0	440.4432	1	0
553	125550.35	84025.97	180280.78	53135372000.0	404.94977	1	0
557	23185.607	178642.78	19241.818	45557440000.0	413.38934	1	0
559	22080.588	52481.64	189039.72	36119454000.0	425.87546	1	0
566	158658.08	148512.92	4518.222	22073442000.0	473.2557	1	0
580	74040.75	40616.992	15943.381	81110920000.0	465.4264	1	0
583	33303.848	13050.268	132951.06	64020054000.0	458.91165	1	0
584	191413.6	189949.61	85059.41	29162904000.0	478.8585	1	0
593	60181.695	15077.929	6035.363	47005266000.0	323.41922	1	0
600	31707.72	111296.78	138927.12	32702398000.0	459.33545	1	0
604	157570.2	28366.014	88708.234	24776438000.0	482.96432	1	0
611	109535.85	104269.414	136183.9	28325456000.0	414.83563	1	0
615	149240.81	19198.55	76185.18	30414555000.0	478.69543	1	0
621	30051.203	93490.93	11256.294	21809762000.0	470.53174	1	0
629	80152.93	192928.14	121524.86	35482400000.0	472.74597	1	0
633	185845.69	29583.512	191010.62	19887694000.0	443.40176	1	0
634	88734.336	16758.512	104743.15	40614978000.0	467.85965	1	0
657	164539.6	123234.87	45169.055	27975598000.0	431.79507	1	0
658	158838.83	188636.06	159406.92	43071898000.0	398.79697	1	0
662	144062.08	62291.043	160779.97	28876680000.0	457.59567	1	0
690	56147.895	12177.618	69128.336	19264637000.0	454.75452	1	0
703	47608.12	76859.445	152602.08	38200332000.0	419.02454	1	0
707	36343.414	153819.69	74677.1	66305580000.0	459.28604	1	0
740	129908.625	106101.13	83615.95	41338270000.0	409.7011	1	0
779	61226.395	90641.43	103475.75	50046284000.0	400.2807	1	0
791	25445.814	178820.1	126183.88	18258835000.0	439.13632	1	0
812	183513.27	120443.13	18373.09	42188878000.0	462.4953	1	0
837	72677.414	50788.75	43274.28	57805660000.0	418.7876	1	0
847	80086.32	17446.982	144719.42	24313266000.0	462.77963	1	0
858	103887.56	121866.445	86078.8	45722280000.0	371.37402	1	0
875	149909.05	26231.22	109256.7	22776682000.0	465.43155	1	0
902	74120.16	200707.48	78225.21	47718980000.0	379.5741	1	0
906	121364.54	30358.45	18780.887	26225660000.0	451.6485	1	0
917	182008.84	184114.22	166818.52	45779448000.0	415.40073	1	0
925	72839.09	82559.12	119507.28	48084644000.0	421.43158	1	0
1000	48301.52	111088.17	186876.7	33134944000.0	429.68576	1	0
1047	147976.47	193831.14	146166.16	15252855000.0	438.08615	1	0
1070	11233.831	45903.88	89113.734	26297285000.0	414.14868	1	0
1075	172916.16	53207.797	61457.4	24564912000.0	432.3336	1	0
1089	150426.9	74539.31	131546.36	58942165000.0	385.73178	1	0
1106	12597.878	90923.5	196114.3	52650180000.0	378.55014	1	0
1114	200596.89	195544.4	102626.86	35575034000.0	347.97452	1	0
1122	11422.812	52660.65	80692.875	33907382000.0	432.1844	1	0
1136	178178.23	30676.45	152141.7	20639113000.0	405.09763	1	0
1373	140375.97	63273.47	73087.42	12814309000.0	419.40134	1	0
1478	506.45398	102869.63	200984.38	24239411000.0	358.46307	1	0
1559	8271.664	122190.27	187494.72	20418413000.0	373.5887	1	0
1572	52785.48	87876.96	121092.44	24413070000.0	392.1578	1	0
1595	181932.98	78245.15	13410.287	32998310000.0	380.54813	1	0
1627	17352.053	199192.34	56632.37	21132614000.0	387.26666	1	0
1721	101973.35	152349.69	122851.336	24887857000.0	344.0533	1	0
1728	129712.57	49597.04	25141.934	15541741000.0	399.1963	1	0
1738	197673.0	16994.252	66210.58	22676863000.0	392.45416	1	0
1769	161974.95	171945.31	34768.29	25882597000.0	369.7457	1	0
1809	183279.4	116626.99	188160.58	31790606000.0	376.35574	1	0
1978	196864.5	58305.777	106491.62	33986484000.0	386.76752	1	0
2004	123424.76	33486.664	128531.94	23382966000.0	375.6001	1	0
2637	142706.23	21584.79	122908.445	25020900000.0	345.87802	1	0
2840	74429.87	145734.9	107033.484	28270889000.0	300.34128	1	0
2971	139560.52	42526.96	116413.01	11981242000.0	291.7172	1	0
3050	134103.9	20243.395	141133.14	23164113000.0	268.27094	1	0
3401	61841.598	22894.365	22545.867	14128609000.0	279.22964	1	0
3651	128678.46	42615.348	40365.883	10387235000.0	334.74295	1	0
3674	34875.32	88915.49	147581.22	8407107000.0	331.18985	1	0
3759	6074.223	2395.2673	154293.05	27505486000.0	264.13443	1	0
3858	74773.08	45939.37	157791.97	12607862000.0	316.51242	1	0
4284	182860.06	104966.92	196907.45	6459965400.0	320.44635	1	0
4449	182832.34	139425.61	195939.0	7890735600.0	311.2655	1	0
4476	63240.76	15299.94	106690.32	17423200000.0	268.84235	1	0
5168	10108.805	175510.69	117993.9	19433669000.0	308.95505	1	0
5953	14716.922	16030.0205	128009.51	10981232000.0	268.46896	1	0
6677	140589.88	165944.38	175589.02	14888545000.0	209.2748	1	0
7092	145583.53	136510.89	75752.04	12447114000.0	267.97925	1	0
9315	87798.664	200622.02	45793.344	18841407000.0	267.8495	1	0
11257	152716.77	159169.73	165247.69	7874409500.0	252.0541	1	0
11864	36176.582	98490.48	46497.45	3507216000.0	201.47313	1	0
12091	178224.5	119230.516	712.6444	19932662000.0	212.92368	1	0
16107	117659.35	34615.367	167921.8	11255417000.0	236.45483	1	0
23763	143851.34	47820.406	61942.926	10460709000.0	195.49567	1	0
