GroupID	x	y	z	group_mHI	mass_select	radius_select
0	41507.598	45925.918	149169.4	118034580000.0	1	1
1	58672.344	8871.032	99112.41	118713540000.0	1	1
2	119074.37	66717.06	194927.27	105027210000.0	1	1
3	203659.03	104710.39	189418.67	177876940000.0	1	1
4	78995.0	123565.01	196266.53	158582260000.0	1	1
5	39565.152	98050.33	111711.984	206253420000.0	1	1
6	102045.12	22163.928	138012.4	108351570000.0	1	1
7	50277.625	77217.055	139063.02	52004086000.0	1	1
8	135204.95	33458.066	33628.97	178845680000.0	1	1
9	82856.55	120714.06	197130.31	154374910000.0	0	1
10	55699.62	47933.277	4256.768	222521640000.0	1	1
11	95353.21	104630.8	81770.54	80181700000.0	1	1
12	47758.65	70204.8	142946.02	135892880000.0	0	1
13	44556.71	55245.812	143955.5	113043000000.0	0	1
14	93303.164	31169.617	9067.098	75600620000.0	1	1
15	49788.93	49464.45	61410.566	28407632000.0	1	1
16	44506.73	49661.883	149116.58	57762845000.0	0	1
17	83493.21	142537.92	152710.81	94176985000.0	1	1
18	50285.562	30823.11	176186.39	49426390000.0	1	1
19	175446.22	29495.545	158185.03	88324600000.0	1	1
20	149115.67	179486.72	88304.92	86208995000.0	1	1
21	43992.035	89015.19	82805.3	172430440000.0	1	1
22	170984.16	68724.84	166515.66	66372710000.0	1	1
23	17631.182	140721.83	99413.36	105781510000.0	1	1
24	55338.246	187186.16	65278.43	146433400000.0	1	1
25	52984.992	178206.64	103929.164	142671280000.0	1	1
26	177828.75	79870.07	204927.83	39299250000.0	1	1
27	100383.24	203428.1	33328.477	71174990000.0	1	1
28	81174.0	73894.734	48617.35	62411310000.0	1	1
29	11637.209	124747.03	196447.28	85135340000.0	1	1
30	55452.492	136745.03	53016.875	28692840000.0	1	1
31	202781.97	115374.82	195684.84	133379920000.0	1	1
32	197488.52	116236.26	203829.48	69742290000.0	0	1
33	169017.94	175773.05	104321.56	62015200000.0	1	1
34	47166.1	41363.348	157365.33	125911720000.0	1	1
35	61593.246	45761.387	29693.79	75569684000.0	1	1
36	52852.45	143075.03	80640.516	146456720000.0	1	1
37	105200.67	5206.3174	29447.318	37296325000.0	1	1
38	149672.56	52779.047	160365.7	119090320000.0	1	1
39	145133.6	58954.094	138648.33	170760930000.0	1	1
40	81926.8	35772.53	11993.186	99221360000.0	1	1
41	196971.94	115242.664	200580.33	172862750000.0	1	1
42	148888.73	130995.38	153343.4	51150635000.0	1	1
43	86222.81	192449.25	67262.61	66175115000.0	1	1
44	189174.28	103683.66	164673.42	123564335000.0	1	1
45	170432.81	114329.37	157468.75	137218780000.0	1	1
46	8468.257	4948.1343	124159.01	161674330000.0	1	1
47	26629.555	39528.242	141144.89	159066280000.0	1	1
48	72640.45	12962.051	107328.94	122120210000.0	1	1
49	126536.88	180016.89	71748.4	133245620000.0	1	1
50	129668.734	97586.125	50629.156	112255844000.0	1	1
51	33339.395	77479.086	144797.19	142114230000.0	1	1
52	159939.77	125559.12	165389.19	42328890000.0	1	1
53	45917.336	55345.41	146292.94	82924570000.0	0	1
54	191436.33	107715.57	162085.05	50027782000.0	0	1
55	55204.62	137309.67	32113.99	47850336000.0	1	1
56	184610.36	59379.688	174005.06	85732100000.0	1	1
57	1710.0913	113872.4	193043.6	53390156000.0	0	1
58	155237.38	117542.04	187728.8	71897500000.0	1	1
59	51885.773	109653.6	133402.34	51481264000.0	1	1
60	47274.67	192022.77	101616.35	106091470000.0	0	1
61	167447.02	57227.27	65348.82	100352220000.0	1	1
62	80539.2	177025.84	53844.94	77590810000.0	1	0
63	84383.266	80673.81	53422.19	62546686000.0	1	1
64	86873.25	162664.69	9830.687	178965730000.0	1	1
65	166022.34	31572.469	160861.08	43704713000.0	1	1
66	41889.297	138695.14	167031.64	50567066000.0	1	1
67	59487.605	127484.34	69868.305	31140102000.0	1	1
68	37253.61	153476.72	75589.01	141590070000.0	1	0
69	175771.47	116115.1	164853.8	141197360000.0	0	1
70	109870.445	149288.25	201529.05	90128966000.0	1	0
71	46102.266	187664.81	100265.56	47625626000.0	1	1
72	171976.05	22435.07	161972.16	171693020000.0	1	1
73	140818.9	54618.805	12208.259	58409610000.0	1	0
74	157156.33	28896.36	88295.26	83532870000.0	1	1
75	97235.25	115604.2	201510.75	46423670000.0	1	1
76	181854.97	188848.38	169221.88	41237460000.0	1	1
77	68144.984	144499.67	135328.66	82199100000.0	1	0
78	190747.27	144839.67	181963.28	130986760000.0	1	1
79	116501.75	64407.133	35430.65	59796390000.0	1	1
80	138771.34	47898.95	160059.4	82430930000.0	1	1
81	107023.55	90714.086	105898.305	56494998000.0	0	1
82	47409.918	65188.305	143562.16	62215578000.0	0	1
84	80988.71	145024.86	105081.82	62987768000.0	1	1
85	59161.535	203399.89	73469.58	81890060000.0	1	1
86	35133.816	172701.16	38535.062	142852180000.0	1	1
87	35094.816	42757.277	134499.61	65399194000.0	1	1
88	151816.58	96927.0	178570.72	55796710000.0	1	1
89	101291.086	116535.77	23800.168	100861110000.0	1	1
90	178153.61	189588.55	134743.1	157093760000.0	1	1
91	17395.637	182539.95	56978.215	39828218000.0	1	1
92	47596.96	55130.016	64247.688	53673430000.0	1	1
93	2569.4421	91873.63	182592.4	65368195000.0	1	1
94	129319.625	147824.03	136837.66	86126510000.0	1	1
95	1487.4291	1980.7155	142992.8	28298758000.0	1	1
96	148612.92	26132.908	110435.14	87123870000.0	1	1
97	33658.375	40524.387	137785.42	49745564000.0	0	1
98	43657.508	188250.53	82324.65	44069286000.0	1	1
99	42966.598	189856.5	86598.695	35477066000.0	0	1
100	167325.7	167952.38	57737.535	79930760000.0	1	1
101	73605.734	45375.98	157951.81	235345150000.0	1	0
102	123977.19	58440.207	26573.604	93584240000.0	1	1
103	135596.4	44197.906	149528.78	27816411000.0	1	1
104	22948.58	177687.23	18564.812	109751110000.0	1	1
105	32368.148	110491.05	138418.34	79732910000.0	1	0
107	49791.42	184081.06	104016.83	68313596000.0	0	1
108	53755.066	51414.71	151560.33	28551027000.0	1	1
110	44537.934	78696.164	165143.55	74966510000.0	1	0
111	8388.756	172852.64	82575.7	40687174000.0	1	1
112	149252.1	133584.55	60606.824	33457180000.0	1	1
113	199651.89	149094.97	168790.02	120394260000.0	1	1
115	99157.17	12907.036	129769.8	61502775000.0	1	1
116	122264.875	81882.61	176490.5	101273180000.0	1	0
117	28159.898	92061.83	84248.69	90032144000.0	1	1
118	146596.58	88521.086	6664.161	54248428000.0	1	1
119	199914.02	106995.4	30352.389	72145980000.0	1	1
120	88933.164	153534.5	60863.684	64865747000.0	1	1
121	72318.586	177520.6	51954.566	101899220000.0	1	1
122	95082.375	190949.94	136040.33	27733000000.0	1	1
123	158885.47	102954.92	48846.332	43630630000.0	1	1
124	97869.83	26208.828	141984.56	20276802000.0	0	1
125	23852.807	103919.914	142469.84	43649716000.0	1	1
126	56849.35	30216.932	52187.742	138284250000.0	1	0
128	54304.855	203339.14	136843.98	60801552000.0	1	1
129	168985.02	183410.6	34021.414	43759804000.0	1	1
130	61875.31	180275.05	53208.203	132926220000.0	1	0
131	92324.5	1727.3191	51711.316	27385688000.0	1	1
132	89786.88	20861.035	127995.445	129461860000.0	1	1
133	186869.38	71681.68	173237.6	99224306000.0	1	1
134	24196.53	52450.84	188810.28	63091930000.0	1	1
136	144425.05	16910.283	144723.69	56824033000.0	1	1
137	94712.46	144526.81	38267.477	55517446000.0	1	1
138	128646.86	42282.06	39508.348	85045625000.0	1	1
140	188550.73	12162.066	105803.94	60169875000.0	1	1
141	197250.03	153001.94	186168.3	47370605000.0	1	1
142	31585.16	14180.852	134163.88	96026060000.0	1	1
143	198457.62	50785.94	47970.56	97968280000.0	1	1
144	125843.08	49747.69	21527.992	125034230000.0	1	0
145	51977.117	61917.21	14467.564	72336870000.0	1	0
146	102470.03	148679.22	136828.31	57024510000.0	1	1
147	69918.01	9404.86	188289.97	82883600000.0	1	0
148	77964.75	47501.996	130993.57	56740626000.0	1	1
149	52607.91	59252.293	140591.4	77681795000.0	1	0
150	70860.484	107398.695	62131.293	61055943000.0	1	1
152	85149.79	132888.06	196539.23	49671786000.0	1	1
153	46386.992	76589.33	151339.22	41509732000.0	1	1
154	202315.03	154026.5	161498.3	78695160000.0	0	1
155	52890.188	64663.207	204536.02	35167100000.0	1	1
156	149194.12	66312.086	78807.484	93269300000.0	1	0
157	47512.1	110364.03	186031.77	88222920000.0	1	0
158	44869.035	182851.73	66354.19	54729257000.0	1	1
159	152322.62	128268.164	168027.42	43449100000.0	0	1
160	8591.758	202479.28	4664.245	61072310000.0	1	1
161	103784.03	28557.191	57811.477	44905090000.0	0	1
162	177426.17	52717.27	54175.92	94481550000.0	0	1
163	52076.312	52352.043	204044.27	60567330000.0	1	0
164	52287.848	38920.0	164660.38	55253512000.0	1	0
165	135503.88	134400.05	78060.36	24589881000.0	1	1
166	185915.55	108121.65	191899.66	86603560000.0	1	1
167	54208.598	51029.664	55206.348	48726490000.0	0	1
168	182625.81	8087.148	3208.5596	88687460000.0	1	1
169	92507.664	78325.945	35382.23	33370917000.0	1	1
170	136418.56	160359.06	185883.64	75607140000.0	1	1
171	15756.895	6140.134	155401.23	133057225000.0	1	0
172	59849.152	19325.396	113658.02	49800393000.0	0	1
173	156080.55	126402.82	166732.62	55509807000.0	0	1
174	172762.39	53362.36	167188.03	57095467000.0	1	0
175	58968.234	29579.34	45373.46	51484942000.0	1	1
176	54818.6	135699.47	91902.086	34150347000.0	0	1
177	157659.81	100464.31	169705.52	39577920000.0	1	0
178	154658.61	63662.64	144599.34	78953490000.0	1	1
182	75535.484	39958.094	16559.209	70238290000.0	1	1
183	168807.64	185640.14	29013.0	37591486000.0	0	1
184	43365.59	21427.94	51585.266	35292717000.0	1	1
185	47690.2	110943.39	174639.22	78388580000.0	1	0
186	163979.19	50922.098	160294.47	117027120000.0	1	0
187	80005.76	109763.22	90398.11	60677976000.0	1	0
188	5584.9067	58628.58	43967.426	50723787000.0	0	1
189	163502.52	167634.75	63152.996	44702830000.0	0	1
190	3666.366	94376.3	186019.5	67746816000.0	0	1
192	121514.54	68549.99	199074.83	35673090000.0	0	1
193	114445.375	146718.0	74032.305	59505717000.0	1	0
198	179265.11	97739.93	163399.81	105549590000.0	0	1
199	113170.82	25221.18	124587.57	97104290000.0	1	0
200	100284.75	81022.9	60226.24	51651117000.0	1	0
203	164732.97	97140.09	37286.105	98183725000.0	1	0
204	129536.48	106157.984	83455.5	83529640000.0	1	1
205	104099.83	89936.63	109519.33	40175997000.0	1	0
208	143568.72	138937.44	34731.98	48363844000.0	0	1
209	146194.12	17923.408	113972.09	46312374000.0	1	0
210	163487.5	36914.598	188704.64	21858007000.0	1	0
211	7698.652	152593.56	95791.766	35685614000.0	0	1
213	180052.62	52875.258	53204.703	31562990000.0	1	0
214	127682.945	48854.215	25451.234	97010704000.0	1	0
215	58805.92	30946.14	58744.17	59790488000.0	1	0
216	109732.73	48451.625	176730.1	55228895000.0	1	0
217	98971.28	156109.48	154615.47	81920490000.0	1	0
220	123085.89	34292.523	130264.734	60960060000.0	1	0
221	133393.17	78355.75	12969.181	60060040000.0	1	0
223	73294.516	145023.62	107634.15	101260870000.0	1	0
231	115977.266	192802.52	130955.17	26588582000.0	1	0
233	194.11365	197835.03	201403.11	22214093000.0	1	0
236	79651.516	192897.62	122469.56	112809210000.0	1	0
239	133438.73	159286.23	122156.82	78357470000.0	1	0
240	168532.86	127143.23	157044.38	73646420000.0	1	0
243	18022.578	170845.88	14055.795	39146435000.0	1	0
249	62608.344	17023.53	125813.836	13088090000.0	1	0
251	184420.05	30142.158	190159.81	58660080000.0	1	0
252	161693.72	45093.406	78510.21	37277532000.0	1	0
254	71691.27	97775.95	157408.38	55762354000.0	1	0
256	145489.33	90711.664	64290.17	59852825000.0	1	0
260	83256.32	198361.94	42456.734	45187770000.0	1	0
262	52465.844	188204.56	87042.88	39513547000.0	1	0
263	2208.8933	5782.8657	43765.086	24237388000.0	1	0
265	157946.12	148230.06	4160.898	73904810000.0	1	0
266	56848.31	88628.48	12950.924	64912044000.0	1	0
272	119055.664	93914.125	90504.99	10531131000.0	1	0
273	181556.7	132883.69	52709.074	41018724000.0	1	0
278	202018.98	70846.35	86113.625	120541350000.0	1	0
280	72103.73	50964.17	43804.12	73002310000.0	1	0
285	177482.53	30503.611	152696.4	72549030000.0	1	0
291	90365.234	70963.914	30684.293	41308684000.0	1	0
294	197412.58	15259.91	65332.184	45853594000.0	1	0
295	117099.016	133628.56	177000.14	50986060000.0	1	0
299	11240.206	46192.625	90412.64	75230800000.0	1	0
300	145894.66	61695.496	159589.05	68590158000.0	1	0
302	48712.344	80770.055	36196.73	50700470000.0	1	0
303	22579.936	171912.89	120540.12	49143718000.0	1	0
305	190753.8	189520.56	86519.83	27068228000.0	1	0
307	180551.97	117887.375	204831.34	83990220000.0	1	0
308	158064.89	129175.28	13705.837	83269485000.0	1	0
322	15244.175	13957.558	127704.74	48160730000.0	1	0
329	102561.32	120352.65	85221.766	65606550000.0	1	0
332	200257.5	196210.52	103376.72	74620540000.0	1	0
334	150416.31	72840.914	133656.12	65932673000.0	1	0
337	69330.98	171524.95	197349.28	43896640000.0	1	0
339	100472.34	88408.8	64967.023	48334090000.0	1	0
342	81190.04	17737.957	144291.48	71713350000.0	1	0
345	72899.664	200705.02	77481.64	38333440000.0	1	0
346	23848.797	122544.41	10031.633	41254140000.0	1	0
347	21853.328	107189.086	182467.52	56248033000.0	1	0
348	56902.156	11876.184	70609.9	48520724000.0	1	0
351	126238.336	82411.445	181179.75	62307210000.0	1	0
358	181956.92	40424.42	84947.984	60630690000.0	1	0
362	149244.75	20758.578	77274.96	67090506000.0	1	0
365	164294.02	122960.61	43490.508	123944665000.0	1	0
372	172014.73	53328.758	62360.35	69348155000.0	1	0
376	98911.8	26245.217	15182.442	53275595000.0	1	0
377	33844.016	104707.85	162689.28	70524080000.0	1	0
383	184095.88	138413.16	194331.84	26773938000.0	1	0
387	18877.895	112882.836	137419.73	15259233000.0	1	0
397	151093.12	173762.42	68416.414	32022057000.0	1	0
400	131227.23	55562.004	3290.1306	75396110000.0	1	0
401	30627.104	92994.484	10469.025	40724200000.0	1	0
403	11534.47	51649.773	81545.24	52424700000.0	1	0
418	45637.684	97292.19	35947.61	36913980000.0	1	0
426	32139.723	71460.805	870.2735	101316260000.0	1	0
436	18209.27	198028.19	56540.258	35978850000.0	1	0
439	100250.336	151936.7	123682.586	38449435000.0	1	0
446	139227.55	39985.824	115796.664	41399470000.0	1	0
455	179263.62	105434.766	201613.95	27579367000.0	1	0
472	21095.434	10168.019	201737.72	19796611000.0	1	0
477	37479.758	85887.67	158530.3	46583132000.0	1	0
479	83857.695	120107.4	80000.805	19347170000.0	1	0
486	192142.64	196398.19	48864.586	20026384000.0	1	0
490	34636.95	88211.55	147591.03	32350851000.0	1	0
496	63692.02	13475.913	107127.63	112251650000.0	1	0
504	159917.3	188047.75	157774.2	41708950000.0	1	0
505	60208.734	15135.433	5805.749	75108614000.0	1	0
509	165741.73	24958.982	39699.133	36962650000.0	1	0
514	8360.216	120003.15	189510.94	25286623000.0	1	0
521	185486.1	110688.01	203328.75	22173503000.0	1	0
525	11347.831	175615.66	116568.35	50926936000.0	1	0
530	181628.56	79897.97	11279.538	49736870000.0	1	0
537	151971.03	158442.56	165097.27	108177040000.0	1	0
559	4184.8555	106831.62	21338.264	31160967000.0	1	0
586	49430.53	88103.96	202506.36	17519770000.0	1	0
587	129288.24	174632.73	73256.63	74966550000.0	1	0
595	60707.77	91370.836	103413.64	95419680000.0	1	0
623	24267.826	180194.81	127005.49	36222403000.0	1	0
625	148100.78	194907.14	145380.23	45361607000.0	1	0
626	87806.336	73957.55	86527.28	35898460000.0	1	0
652	108717.74	102678.15	136450.5	44024420000.0	1	0
663	26621.203	181354.81	38638.793	9879838000.0	1	0
668	183317.42	117745.24	16720.277	65256980000.0	1	0
682	120393.37	31789.965	20658.508	72718230000.0	1	0
689	88085.25	201644.83	46491.516	48129147000.0	1	0
707	126725.195	82147.56	10614.599	57453064000.0	1	0
728	154388.94	125282.05	53416.65	53020738000.0	1	0
743	353.50583	103672.39	199211.17	37763342000.0	1	0
827	183876.2	105009.77	197244.27	39807130000.0	1	0
832	52979.023	88714.81	123122.44	37011923000.0	1	0
920	71783.28	82544.89	120500.09	25440209000.0	1	0
936	87651.59	17531.775	105784.84	66889347000.0	1	0
948	162453.61	171955.73	37078.785	83695920000.0	1	0
969	12995.436	92173.625	195165.95	56700410000.0	1	0
974	142684.27	23576.115	122945.19	38696820000.0	1	0
999	181650.44	184364.61	166356.1	40775836000.0	1	0
1197	183926.31	114113.92	188871.08	52857057000.0	1	0
1218	140366.2	62646.77	71916.27	32998724000.0	1	0
1255	61280.703	129689.01	76174.195	5305614300.0	1	0
1281	134163.86	23322.598	142150.16	14585131000.0	1	0
1300	7042.0522	2557.2769	153117.9	46287390000.0	1	0
1340	140113.34	165016.62	176200.19	43210980000.0	1	0
1618	197107.05	57956.285	106606.625	42100930000.0	1	0
1653	118578.74	34707.984	168230.84	29884670000.0	1	0
3710	144903.5	135375.86	74395.31	18109915000.0	1	0
4640	62369.625	23841.715	22513.576	16000159000.0	1	0
12678	38307.793	97784.84	46950.297	11659996000.0	1	0
