GroupID	iscen	GroupPos	GroupM200
0.0	1.0	[ 41507.598  45925.918 149169.4  ]	1535790000000000.0
4.0	1.0	[ 78995.   123565.01 196266.53]	1307340100000000.0
2.0	1.0	[119074.37  66717.06 194927.27]	1033314400000000.0
63.0	1.0	[84383.266 80673.81  53422.19 ]	899670200000000.0
8.0	1.0	[135204.95   33458.066  33628.97 ]	841819700000000.0
7.0	1.0	[ 50277.625  77217.055 139063.02 ]	733527400000000.0
45.0	1.0	[170432.81 114329.37 157468.75]	459285180000000.0
41.0	1.0	[196971.94  115242.664 200580.33 ]	581220700000000.0
71.0	1.0	[ 46102.266 187664.81  100265.56 ]	398251600000000.0
1.0	1.0	[58672.344  8871.032 99112.41 ]	641211640000000.0
5.0	0.0	[ 39565.152  98050.33  111711.984]	635853500000000.0
31.0	1.0	[202781.97 115374.82 195684.84]	547336940000000.0
100.0	1.0	[167325.7   167952.38   57737.535]	655181560000000.0
3.0	1.0	[203659.03 104710.39 189418.67]	553877340000000.0
6.0	1.0	[102045.12   22163.928 138012.4  ]	437283200000000.0
11.0	0.0	[ 95353.21 104630.8   81770.54]	497315970000000.0
52.0	1.0	[159939.77 125559.12 165389.19]	379204240000000.0
33.0	1.0	[169017.94 175773.05 104321.56]	416661500000000.0
243.0	1.0	[ 18022.578 170845.88   14055.795]	407155200000000.0
44.0	1.0	[189174.28 103683.66 164673.42]	467371870000000.0
101.0	1.0	[ 73605.734  45375.98  157951.81 ]	431286800000000.0
17.0	1.0	[ 83493.21 142537.92 152710.81]	382146100000000.0
74.0	1.0	[157156.33  28896.36  88295.26]	360359570000000.0
29.0	0.0	[ 11637.209 124747.03  196447.28 ]	392225500000000.0
39.0	1.0	[145133.6    58954.094 138648.33 ]	367364900000000.0
34.0	1.0	[ 47166.1    41363.348 157365.33 ]	219906720000000.0
25.0	1.0	[ 52984.992 178206.64  103929.164]	278377270000000.0
14.0	1.0	[93303.164 31169.617  9067.098]	456104500000000.0
91.0	1.0	[ 17395.637 182539.95   56978.215]	471019470000000.0
43.0	1.0	[ 86222.81 192449.25  67262.61]	212362410000000.0
149.0	1.0	[ 52607.91   59252.293 140591.4  ]	389327340000000.0
88.0	1.0	[151816.58  96927.   178570.72]	390177380000000.0
79.0	1.0	[116501.75   64407.133  35430.65 ]	390393740000000.0
51.0	1.0	[ 33339.395  77479.086 144797.19 ]	369590800000000.0
47.0	1.0	[ 26629.555  39528.242 141144.89 ]	367825830000000.0
15.0	1.0	[49788.93  49464.45  61410.566]	381228080000000.0
87.0	1.0	[ 35094.816  42757.277 134499.61 ]	374208000000000.0
256.0	1.0	[145489.33   90711.664  64290.17 ]	197666880000000.0
122.0	1.0	[ 95082.375 190949.94  136040.33 ]	128062120000000.0
84.0	1.0	[ 80988.71 145024.86 105081.82]	334133460000000.0
46.0	1.0	[  8468.257    4948.1343 124159.01  ]	235068090000000.0
117.0	1.0	[28159.898 92061.83  84248.69 ]	357260800000000.0
70.0	1.0	[109870.445 149288.25  201529.05 ]	198878730000000.0
21.0	1.0	[43992.035 89015.19  82805.3  ]	343380720000000.0
19.0	1.0	[175446.22   29495.545 158185.03 ]	332506200000000.0
40.0	1.0	[81926.8   35772.53  11993.186]	305942900000000.0
129.0	1.0	[168985.02  183410.6    34021.414]	176415710000000.0
138.0	1.0	[128646.86   42282.06   39508.348]	183143580000000.0
10.0	1.0	[55699.62  47933.277  4256.768]	324151500000000.0
141.0	0.0	[197250.03 153001.94 186168.3 ]	324038740000000.0
123.0	0.0	[158885.47  102954.92   48846.332]	338210600000000.0
36.0	1.0	[ 52852.45  143075.03   80640.516]	316146540000000.0
93.0	1.0	[  2569.4421  91873.63   182592.4   ]	275655180000000.0
134.0	1.0	[ 24196.53  52450.84 188810.28]	184230530000000.0
23.0	1.0	[ 17631.182 140721.83   99413.36 ]	314248660000000.0
342.0	1.0	[ 81190.04   17737.957 144291.48 ]	242969400000000.0
205.0	1.0	[104099.83  89936.63 109519.33]	296168330000000.0
27.0	1.0	[100383.24  203428.1    33328.477]	301115830000000.0
18.0	1.0	[ 50285.562  30823.11  176186.39 ]	279208860000000.0
92.0	1.0	[47596.96  55130.016 64247.688]	213580420000000.0
			290497800000000.0
362.0	0.0	[149244.75   20758.578  77274.96 ]	255725190000000.0
263.0	1.0	[ 2208.8933  5782.8657 43765.086 ]	174374600000000.0
136.0	1.0	[144425.05   16910.283 144723.69 ]	282242000000000.0
24.0	1.0	[ 55338.246 187186.16   65278.43 ]	279798240000000.0
347.0	1.0	[ 21853.328 107189.086 182467.52 ]	227894860000000.0
125.0	1.0	[ 23852.807 103919.914 142469.84 ]	243409720000000.0
20.0	1.0	[149115.67 179486.72  88304.92]	278848860000000.0
35.0	1.0	[61593.246 45761.387 29693.79 ]	276792940000000.0
26.0	1.0	[177828.75  79870.07 204927.83]	269337870000000.0
50.0	1.0	[129668.734  97586.125  50629.156]	258570540000000.0
42.0	1.0	[148888.73 130995.38 153343.4 ]	276122960000000.0
209.0	1.0	[146194.12   17923.408 113972.09 ]	275153240000000.0
169.0	0.0	[92507.664 78325.945 35382.23 ]	205733010000000.0
174.0	1.0	[172762.39  53362.36 167188.03]	205864170000000.0
98.0	1.0	[ 43657.508 188250.53   82324.65 ]	134628690000000.0
65.0	1.0	[166022.34   31572.469 160861.08 ]	236042040000000.0
150.0	1.0	[ 70860.484 107398.695  62131.293]	230889560000000.0
38.0	1.0	[149672.56   52779.047 160365.7  ]	260628930000000.0
22.0	1.0	[170984.16  68724.84 166515.66]	253893450000000.0
30.0	1.0	[ 55452.492 136745.03   53016.875]	193627100000000.0
215.0	1.0	[58805.92 30946.14 58744.17]	272367580000000.0
48.0	0.0	[ 72640.45   12962.051 107328.94 ]	135533790000000.0
426.0	1.0	[32139.723  71460.805    870.2735]	128114510000000.0
80.0	1.0	[138771.34  47898.95 160059.4 ]	158344470000000.0
220.0	1.0	[123085.89   34292.523 130264.734]	123098060000000.0
166.0	1.0	[185915.55 108121.65 191899.66]	192014670000000.0
28.0	1.0	[81174.    73894.734 48617.35 ]	223381030000000.0
185.0	1.0	[ 47690.2  110943.39 174639.22]	103673405000000.0
164.0	1.0	[ 52287.848  38920.    164660.38 ]	239398220000000.0
58.0	1.0	[155237.38 117542.04 187728.8 ]	164138570000000.0
96.0	1.0	[148612.92   26132.908 110435.14 ]	207365000000000.0
56.0	1.0	[184610.36   59379.688 174005.06 ]	235066700000000.0
377.0	1.0	[ 33844.016 104707.85  162689.28 ]	141371300000000.0
85.0	1.0	[ 59161.535 203399.89   73469.58 ]	183994030000000.0
104.0	1.0	[ 22948.58  177687.23   18564.812]	214734720000000.0
337.0	1.0	[ 69330.98 171524.95 197349.28]	228157070000000.0
397.0	1.0	[151093.12  173762.42   68416.414]	228585860000000.0
178.0	1.0	[154658.61  63662.64 144599.34]	137743800000000.0
1255.0	1.0	[ 61280.703 129689.01   76174.195]	179395750000000.0
223.0	1.0	[ 73294.516 145023.62  107634.15 ]	121944720000000.0
126.0	1.0	[56849.35  30216.932 52187.742]	124328610000000.0
90.0	1.0	[178153.61 189588.55 134743.1 ]	157096720000000.0
78.0	0.0	[190747.27 144839.67 181963.28]	137608085000000.0
249.0	1.0	[ 62608.344  17023.53  125813.836]	201667340000000.0
118.0	1.0	[146596.58   88521.086   6664.161]	187167020000000.0
61.0	1.0	[167447.02  57227.27  65348.82]	199525520000000.0
113.0	1.0	[199651.89 149094.97 168790.02]	188158050000000.0
66.0	1.0	[ 41889.297 138695.14  167031.64 ]	164342310000000.0
105.0	1.0	[ 32368.148 110491.05  138418.34 ]	180591530000000.0
537.0	1.0	[151971.03 158442.56 165097.27]	152773210000000.0
68.0	1.0	[ 37253.61 153476.72  75589.01]	200451360000000.0
668.0	1.0	[183317.42  117745.24   16720.277]	179024270000000.0
376.0	1.0	[98911.8   26245.217 15182.442]	127064950000000.0
305.0	1.0	[190753.8  189520.56  86519.83]	198077720000000.0
177.0	1.0	[157659.81 100464.31 169705.52]	221948200000000.0
76.0	1.0	[181854.97 188848.38 169221.88]	192892570000000.0
89.0	1.0	[101291.086 116535.77   23800.168]	170198600000000.0
37.0	1.0	[105200.67     5206.3174  29447.318 ]	203439880000000.0
168.0	1.0	[182625.81     8087.148    3208.5596]	166784550000000.0
64.0	1.0	[ 86873.25  162664.69    9830.687]	201308740000000.0
505.0	0.0	[60208.734 15135.433  5805.749]	178725420000000.0
110.0	1.0	[ 44537.934  78696.164 165143.55 ]	135592660000000.0
400.0	1.0	[131227.23    55562.004    3290.1306]	188105840000000.0
120.0	1.0	[ 88933.164 153534.5    60863.684]	201790500000000.0
55.0	1.0	[ 55204.62 137309.67  32113.99]	167641160000000.0
827.0	1.0	[183876.2  105009.77 197244.27]	112128930000000.0
73.0	1.0	[140818.9    54618.805  12208.259]	164261330000000.0
103.0	1.0	[135596.4    44197.906 149528.78 ]	185050360000000.0
95.0	1.0	[  1487.4291   1980.7155 142992.8   ]	179053480000000.0
75.0	1.0	[ 97235.25 115604.2  201510.75]	198890700000000.0
707.0	1.0	[126725.195  82147.56   10614.599]	174660480000000.0
182.0	1.0	[75535.484 39958.094 16559.209]	163210230000000.0
496.0	0.0	[ 63692.02   13475.913 107127.63 ]	127507050000000.0
148.0	1.0	[ 77964.75   47501.996 130993.57 ]	173721040000000.0
436.0	1.0	[ 18209.27  198028.19   56540.258]	156064730000000.0
214.0	1.0	[127682.945  48854.215  25451.234]	146933050000000.0
115.0	1.0	[ 99157.17   12907.036 129769.8  ]	160620350000000.0
1300.0	1.0	[  7042.0522   2557.2769 153117.9   ]	114362086000000.0
260.0	1.0	[ 83256.32  198361.94   42456.734]	146151140000000.0
142.0	1.0	[ 31585.16   14180.852 134163.88 ]	177805840000000.0
62.0	0.0	[ 80539.2  177025.84  53844.94]	155587980000000.0
140.0	1.0	[188550.73   12162.066 105803.94 ]	167491020000000.0
49.0	1.0	[126536.88 180016.89  71748.4 ]	187930800000000.0
165.0	1.0	[135503.88 134400.05  78060.36]	122913480000000.0
155.0	1.0	[ 52890.188  64663.207 204536.02 ]	134479010000000.0
213.0	1.0	[180052.62   52875.258  53204.703]	177005770000000.0
132.0	1.0	[ 89786.88   20861.035 127995.445]	163909500000000.0
504.0	1.0	[159917.3  188047.75 157774.2 ]	140163565000000.0
521.0	1.0	[185486.1  110688.01 203328.75]	187111840000000.0
59.0	0.0	[ 51885.773 109653.6   133402.34 ]	178474010000000.0
146.0	1.0	[102470.03 148679.22 136828.31]	170201620000000.0
240.0	1.0	[168532.86 127143.23 157044.38]	111486940000000.0
383.0	1.0	[184095.88 138413.16 194331.84]	176244920000000.0
130.0	1.0	[ 61875.31  180275.05   53208.203]	169744320000000.0
160.0	1.0	[  8591.758 202479.28    4664.245]	171195450000000.0
102.0	1.0	[123977.19   58440.207  26573.604]	170170280000000.0
358.0	1.0	[181956.92   40424.42   84947.984]	137401440000000.0
94.0	0.0	[129319.625 147824.03  136837.66 ]	176176590000000.0
77.0	1.0	[ 68144.984 144499.67  135328.66 ]	162742720000000.0
144.0	1.0	[125843.08   49747.69   21527.992]	154801710000000.0
291.0	1.0	[90365.234 70963.914 30684.293]	163859300000000.0
72.0	1.0	[171976.05  22435.07 161972.16]	173127850000000.0
152.0	1.0	[ 85149.79 132888.06 196539.23]	152895570000000.0
278.0	1.0	[202018.98   70846.35   86113.625]	183455800000000.0
530.0	1.0	[181628.56   79897.97   11279.538]	112941215000000.0
332.0	0.0	[200257.5  196210.52 103376.72]	128181140000000.0
131.0	1.0	[92324.5     1727.3191 51711.316 ]	148736480000000.0
3710.0	1.0	[144903.5  135375.86  74395.31]	137337300000000.0
187.0	1.0	[ 80005.76 109763.22  90398.11]	150488370000000.0
252.0	1.0	[161693.72   45093.406  78510.21 ]	142675000000000.0
			117365015000000.0
193.0	1.0	[114445.375 146718.     74032.305]	156103640000000.0
595.0	1.0	[ 60707.77   91370.836 103413.64 ]	182627710000000.0
143.0	1.0	[198457.62  50785.94  47970.56]	107746024000000.0
217.0	1.0	[ 98971.28 156109.48 154615.47]	136576880000000.0
265.0	1.0	[157946.12  148230.06    4160.898]	144609840000000.0
832.0	1.0	[ 52979.023  88714.81  123122.44 ]	118919150000000.0
236.0	1.0	[ 79651.516 192897.62  122469.56 ]	164069610000000.0
67.0	1.0	[ 59487.605 127484.34   69868.305]	142160530000000.0
157.0	1.0	[ 47512.1  110364.03 186031.77]	106295365000000.0
112.0	1.0	[149252.1   133584.55   60606.824]	156477500000000.0
119.0	1.0	[199914.02  106995.4    30352.389]	129208070000000.0
200.0	1.0	[100284.75  81022.9   60226.24]	118452360000000.0
204.0	1.0	[129536.48  106157.984  83455.5  ]	148659870000000.0
1281.0	0.0	[134163.86   23322.598 142150.16 ]	138183510000000.0
111.0	1.0	[  8388.756 172852.64   82575.7  ]	138800210000000.0
472.0	1.0	[ 21095.434  10168.019 201737.72 ]	133830540000000.0
266.0	1.0	[56848.31  88628.48  12950.924]	122852950000000.0
186.0	1.0	[163979.19   50922.098 160294.47 ]	117471510000000.0
156.0	1.0	[149194.12   66312.086  78807.484]	151025660000000.0
969.0	1.0	[ 12995.436  92173.625 195165.95 ]	158652520000000.0
1653.0	1.0	[118578.74   34707.984 168230.84 ]	165268920000000.0
477.0	1.0	[ 37479.758  85887.67  158530.3  ]	106813580000000.0
137.0	1.0	[ 94712.46  144526.81   38267.477]	115317150000000.0
514.0	1.0	[  8360.216 120003.15  189510.94 ]	136998895000000.0
586.0	1.0	[ 49430.53  88103.96 202506.36]	129193660000000.0
203.0	1.0	[164732.97   97140.09   37286.105]	129321415000000.0
920.0	1.0	[ 71783.28  82544.89 120500.09]	116116790000000.0
158.0	1.0	[ 44869.035 182851.73   66354.19 ]	138947200000000.0
559.0	1.0	[  4184.8555 106831.62    21338.264 ]	116181470000000.0
1618.0	1.0	[197107.05   57956.285 106606.625]	127733066000000.0
272.0	1.0	[119055.664  93914.125  90504.99 ]	144810090000000.0
372.0	0.0	[172014.73   53328.758  62360.35 ]	121661836000000.0
210.0	1.0	[163487.5    36914.598 188704.64 ]	128017600000000.0
133.0	1.0	[186869.38  71681.68 173237.6 ]	122974580000000.0
401.0	1.0	[30627.104 92994.484 10469.025]	126042230000000.0
184.0	1.0	[43365.59  21427.94  51585.266]	131011845000000.0
329.0	1.0	[102561.32  120352.65   85221.766]	122311780000000.0
254.0	1.0	[ 71691.27  97775.95 157408.38]	128242100000000.0
233.0	1.0	[1.9411365e+02 1.9783503e+05 2.0140311e+05]	114129840000000.0
280.0	1.0	[72103.73 50964.17 43804.12]	121109320000000.0
300.0	0.0	[145894.66   61695.496 159589.05 ]	104807805000000.0
308.0	1.0	[158064.89  129175.28   13705.837]	144828500000000.0
948.0	1.0	[162453.61  171955.73   37078.785]	134836360000000.0
199.0	1.0	[113170.82  25221.18 124587.57]	121593210000000.0
86.0	1.0	[ 35133.816 172701.16   38535.062]	138538990000000.0
625.0	0.0	[148100.78 194907.14 145380.23]	146538930000000.0
322.0	0.0	[ 15244.175  13957.558 127704.74 ]	160051120000000.0
587.0	1.0	[129288.24 174632.73  73256.63]	124389475000000.0
403.0	0.0	[11534.47  51649.773 81545.24 ]	111531140000000.0
108.0	1.0	[ 53755.066  51414.71  151560.33 ]	113186666000000.0
153.0	1.0	[ 46386.992  76589.33  151339.22 ]	116610620000000.0
302.0	1.0	[48712.344 80770.055 36196.73 ]	109316430000000.0
			117173380000000.0
682.0	1.0	[120393.37   31789.965  20658.508]	124116800000000.0
525.0	1.0	[ 11347.831 175615.66  116568.35 ]	116268910000000.0
147.0	0.0	[ 69918.01   9404.86 188289.97]	131623660000000.0
175.0	1.0	[58968.234 29579.34  45373.46 ]	105788100000000.0
221.0	1.0	[133393.17   78355.75   12969.181]	113038210000000.0
231.0	1.0	[115977.266 192802.52  130955.17 ]	119521040000000.0
251.0	1.0	[184420.05   30142.158 190159.81 ]	118042590000000.0
334.0	1.0	[150416.31   72840.914 133656.12 ]	123567070000000.0
339.0	1.0	[100472.34   88408.8    64967.023]	110979650000000.0
116.0	1.0	[122264.875  81882.61  176490.5  ]	107881320000000.0
285.0	1.0	[177482.53   30503.611 152696.4  ]	125519060000000.0
743.0	1.0	[   353.50583 103672.39    199211.17   ]	121995635000000.0
171.0	1.0	[ 15756.895   6140.134 155401.23 ]	114313600000000.0
295.0	1.0	[117099.016 133628.56  177000.14 ]	112847260000000.0
307.0	1.0	[180551.97  117887.375 204831.34 ]	103206850000000.0
170.0	1.0	[136418.56 160359.06 185883.64]	116867450000000.0
387.0	1.0	[ 18877.895 112882.836 137419.73 ]	103605214000000.0
273.0	1.0	[181556.7   132883.69   52709.074]	116946104000000.0
1197.0	1.0	[183926.31 114113.92 188871.08]	101806865000000.0
689.0	1.0	[ 88085.25  201644.83   46491.516]	101358330000000.0
974.0	1.0	[142684.27   23576.115 122945.19 ]	111056974000000.0
12678.0	1.0	[38307.793 97784.84  46950.297]	126265110000000.0
479.0	1.0	[ 83857.695 120107.4    80000.805]	104744820000000.0
418.0	1.0	[45637.684 97292.19  35947.61 ]	100861290000000.0
446.0	0.0	[139227.55   39985.824 115796.664]	106887040000000.0
121.0	1.0	[ 72318.586 177520.6    51954.566]	111711850000000.0
509.0	1.0	[165741.73   24958.982  39699.133]	120271570000000.0
490.0	1.0	[ 34636.95  88211.55 147591.03]	118847880000000.0
455.0	1.0	[179263.62  105434.766 201613.95 ]	102168360000000.0
439.0	1.0	[100250.336 151936.7   123682.586]	109812230000000.0
1218.0	1.0	[140366.2   62646.77  71916.27]	131206410000000.0
345.0	1.0	[ 72899.664 200705.02   77481.64 ]	113904630000000.0
303.0	1.0	[ 22579.936 171912.89  120540.12 ]	106871900000000.0
145.0	1.0	[51977.117 61917.21  14467.564]	100814080000000.0
348.0	1.0	[56902.156 11876.184 70609.9  ]	115491000000000.0
163.0	1.0	[ 52076.312  52352.043 204044.27 ]	100322040000000.0
351.0	1.0	[126238.336  82411.445 181179.75 ]	108280250000000.0
1340.0	1.0	[140113.34 165016.62 176200.19]	125426610000000.0
936.0	1.0	[ 87651.59   17531.775 105784.84 ]	106752690000000.0
999.0	1.0	[181650.44 184364.61 166356.1 ]	106751430000000.0
294.0	0.0	[197412.58   15259.91   65332.184]	108786650000000.0
262.0	1.0	[ 52465.844 188204.56   87042.88 ]	100631760000000.0
623.0	0.0	[ 24267.826 180194.81  127005.49 ]	100990430000000.0
346.0	1.0	[ 23848.797 122544.41   10031.633]	102281830000000.0
365.0	1.0	[164294.02  122960.61   43490.508]	106644210000000.0
299.0	1.0	[11240.206 46192.625 90412.64 ]	116380150000000.0
663.0	1.0	[ 26621.203 181354.81   38638.793]	108471880000000.0
652.0	1.0	[108717.74 102678.15 136450.5 ]	107388270000000.0
216.0	1.0	[109732.73   48451.625 176730.1  ]	104113520000000.0
128.0	1.0	[ 54304.855 203339.14  136843.98 ]	101111640000000.0
486.0	1.0	[192142.64  196398.19   48864.586]	114998090000000.0
239.0	1.0	[133438.73 159286.23 122156.82]	105406020000000.0
626.0	1.0	[87806.336 73957.55  86527.28 ]	104674970000000.0
728.0	1.0	[154388.94 125282.05  53416.65]	105982210000000.0
4640.0	1.0	[62369.625 23841.715 22513.576]	101777600000000.0
