GroupID	iscen	GroupPos	GroupM200
2.0	1.0	[ 40141.758  46890.72  147957.5  ]	1535790000000000.0
26.0	1.0	[ 78965.945 126201.516 197485.55 ]	1307340100000000.0
1.0	1.0	[118539.664  65669.875 194496.83 ]	1033314400000000.0
226.0	1.0	[84081.82  80530.47  53386.652]	899670200000000.0
3.0	1.0	[135942.47   31929.697  32333.105]	841819700000000.0
0.0	1.0	[ 52104.383  79033.15  137240.   ]	733527400000000.0
65.0	1.0	[169445.77 114736.12 156060.84]	459285180000000.0
216.0	1.0	[197773.67 115249.73 202432.12]	581220700000000.0
29.0	1.0	[ 44594.086 186853.06  101072.   ]	398251600000000.0
8.0	1.0	[59558.164  9446.169 97155.66 ]	641211640000000.0
106.0	1.0	[ 40621.582  96434.336 114147.2  ]	635853500000000.0
198.0	1.0	[202437.64 118399.45 196153.78]	547336940000000.0
167.0	0.0	[167554.45  167921.12   56791.902]	655181560000000.0
19.0	1.0	[203660.5  103225.8  188482.03]	553877340000000.0
4.0	1.0	[101909.82  21407.7  137475.97]	437283200000000.0
56.0	1.0	[ 96378.93 106355.13  81683.41]	497315970000000.0
28.0	0.0	[159956.89  126573.625 165794.23 ]	379204240000000.0
47.0	0.0	[168829.45 175498.44 105649.15]	416661500000000.0
172.0	1.0	[ 16686.826 168725.98   14549.136]	407155200000000.0
137.0	1.0	[188443.97  102970.266 164149.66 ]	467371870000000.0
3858.0	1.0	[ 74773.08  45939.37 157791.97]	431286800000000.0
7.0	0.0	[ 83544.59 142774.6  152662.28]	382146100000000.0
604.0	1.0	[157570.2    28366.014  88708.234]	360359570000000.0
207.0	1.0	[ 12068.746 125977.625 197129.52 ]	392225500000000.0
346.0	1.0	[144366.89  57952.94 137438.3 ]	367364900000000.0
25.0	1.0	[ 47858.06  40400.03 158852.94]	219906720000000.0
24.0	1.0	[ 53484.402 177471.75  106737.336]	278377270000000.0
22.0	1.0	[92183.69   30716.375   6796.5557]	456104500000000.0
78.0	1.0	[ 17291.816 182546.     56807.22 ]	471019470000000.0
83.0	0.0	[ 87281.83  191853.39   66795.664]	212362410000000.0
397.0	1.0	[ 56020.977  59181.04  140460.88 ]	389327340000000.0
229.0	1.0	[150089.84  96135.41 177739.03]	390177380000000.0
21.0	0.0	[116211.09  64345.97  35845.07]	390393740000000.0
486.0	1.0	[ 32496.164  77964.24  143535.23 ]	369590800000000.0
168.0	1.0	[ 23908.898  38758.47  141246.27 ]	367825830000000.0
10.0	1.0	[49044.383 48373.93  62107.06 ]	381228080000000.0
231.0	1.0	[ 34214.812  41288.887 131674.9  ]	374208000000000.0
255.0	1.0	[146550.55   92113.805  65249.65 ]	197666880000000.0
84.0	1.0	[ 95162.58 189344.28 135957.61]	128062120000000.0
94.0	1.0	[ 83108.09 145429.06 105686.25]	334133460000000.0
245.0	1.0	[  7681.1387   3506.127  123447.484 ]	235068090000000.0
109.0	1.0	[26482.635 93019.305 83396.87 ]	357260800000000.0
128.0	1.0	[109172.58 151676.55 201719.5 ]	198878730000000.0
15.0	1.0	[43395.793 88826.234 81985.38 ]	343380720000000.0
20.0	1.0	[177492.27   28873.646 158736.66 ]	332506200000000.0
179.0	1.0	[81044.81  35194.902  9955.803]	305942900000000.0
248.0	1.0	[168057.58  184105.31   32612.904]	176415710000000.0
3651.0	1.0	[128678.46   42615.348  40365.883]	183143580000000.0
14.0	1.0	[54870.48   47841.527   5405.3057]	324151500000000.0
367.0	1.0	[198661.33 153377.39 186102.77]	324038740000000.0
209.0	1.0	[159148.72 103284.17  51548.23]	338210600000000.0
67.0	1.0	[ 52111.28 143856.56  79985.48]	316146540000000.0
33.0	1.0	[  2555.4617  90334.086  181623.06  ]	275655180000000.0
559.0	1.0	[ 22080.588  52481.64  189039.72 ]	184230530000000.0
12.0	0.0	[ 17224.07 140023.64  99012.38]	314248660000000.0
847.0	1.0	[ 80086.32   17446.982 144719.42 ]	242969400000000.0
48.0	1.0	[104353.8    90883.086 110615.516]	296168330000000.0
11.0	1.0	[ 99997.65  201815.84   32008.156]	301115830000000.0
13.0	1.0	[ 49900.453  28904.666 177750.17 ]	279208860000000.0
102.0	1.0	[47876.766 56684.65  65513.82 ]	213580420000000.0
			290497800000000.0
615.0	1.0	[149240.81  19198.55  76185.18]	255725190000000.0
195.0	1.0	[ 2599.2566  5844.858  44842.04  ]	174374600000000.0
232.0	0.0	[145051.08   14953.464 145334.17 ]	282242000000000.0
187.0	1.0	[ 56417.535 186777.06   64131.434]	279798240000000.0
235.0	1.0	[ 22133.73 108572.1  180951.97]	227894860000000.0
105.0	0.0	[ 23029.123 105306.086 143020.22 ]	243409720000000.0
17.0	1.0	[149503.77 179300.78  89183.61]	278848860000000.0
40.0	1.0	[60154.734 46107.176 29656.797]	276792940000000.0
6.0	1.0	[177766.44    77747.15     1126.1403]	269337870000000.0
64.0	1.0	[129593.62  99285.23  50664.3 ]	258570540000000.0
316.0	1.0	[146950.12 131937.89 152603.25]	276122960000000.0
178.0	1.0	[145945.6    15996.808 111949.516]	275153240000000.0
538.0	1.0	[90995.3   79591.06  34927.832]	205733010000000.0
117.0	1.0	[173734.19  53257.54 166972.39]	205864170000000.0
104.0	1.0	[ 42576.3  187797.61  82523.61]	134628690000000.0
369.0	1.0	[165901.55   29581.352 160702.97 ]	236042040000000.0
60.0	1.0	[ 71944.73  108535.86   62221.074]	230889560000000.0
86.0	1.0	[150319.73   52780.676 162134.56 ]	260628930000000.0
37.0	1.0	[171805.88  67189.93 166348.88]	253893450000000.0
43.0	1.0	[ 55158.645 137424.36   51252.   ]	193627100000000.0
162.0	1.0	[59078.355 31325.584 59782.3  ]	272367580000000.0
380.0	1.0	[ 75164.61  11593.44 106174.66]	135533790000000.0
295.0	1.0	[31518.176  70589.03    2138.5996]	128114510000000.0
74.0	1.0	[138050.38   47460.312 161635.11 ]	158344470000000.0
2004.0	1.0	[123424.76   33486.664 128531.94 ]	123098060000000.0
166.0	1.0	[185701.02 108094.72 191338.22]	192014670000000.0
30.0	0.0	[79833.72 72973.73 49297.29]	223381030000000.0
410.0	1.0	[ 48298.133 112824.195 174195.23 ]	103673405000000.0
63.0	1.0	[ 54667.766  38686.977 165334.4  ]	239398220000000.0
145.0	1.0	[153634.77  118572.414 188119.47 ]	164138570000000.0
875.0	1.0	[149909.05  26231.22 109256.7 ]	207365000000000.0
88.0	1.0	[185358.47   58826.832 173587.98 ]	235066700000000.0
261.0	1.0	[ 33353.383 106768.65  161609.03 ]	141371300000000.0
131.0	1.0	[ 57751.348 203652.     72677.93 ]	183994030000000.0
557.0	1.0	[ 23185.607 178642.78   19241.818]	214734720000000.0
197.0	1.0	[ 69064.8  172986.52 197149.08]	228157070000000.0
550.0	1.0	[150942.17 173380.83  68022.4 ]	228585860000000.0
331.0	1.0	[155833.22  64441.25 143497.03]	137743800000000.0
327.0	1.0	[ 62307.254 128404.99   75364.63 ]	179395750000000.0
2840.0	1.0	[ 74429.87  145734.9   107033.484]	121944720000000.0
223.0	1.0	[56064.17  29414.738 52356.58 ]	124328610000000.0
359.0	1.0	[177989.12 189697.5  133801.06]	157096720000000.0
431.0	1.0	[190101.77 146490.89 180878.2 ]	137608085000000.0
68.0	0.0	[ 62145.918  15773.725 127235.68 ]	201667340000000.0
66.0	0.0	[146771.56    88799.31     4919.0386]	187167020000000.0
402.0	1.0	[167891.69  58412.96  64455.55]	199525520000000.0
260.0	1.0	[199757.89 151533.03 167384.58]	188158050000000.0
53.0	1.0	[ 41770.44 140411.22 165660.02]	164342310000000.0
600.0	1.0	[ 31707.72 111296.78 138927.12]	180591530000000.0
11257.0	1.0	[152716.77 159169.73 165247.69]	152773210000000.0
707.0	0.0	[ 36343.414 153819.69   74677.1  ]	200451360000000.0
812.0	1.0	[183513.27 120443.13  18373.09]	179024270000000.0
183.0	1.0	[99770.414 24687.318 15272.848]	127064950000000.0
584.0	1.0	[191413.6  189949.61  85059.41]	198077720000000.0
479.0	1.0	[156119.86 100413.13 167220.22]	221948200000000.0
130.0	1.0	[181197.55 188376.33 170889.22]	192892570000000.0
154.0	1.0	[101378.67 117636.07  25025.34]	170198600000000.0
9.0	1.0	[106026.125    4034.5503  27995.428 ]	203439880000000.0
141.0	1.0	[180985.27     8565.656    4211.8833]	166784550000000.0
69.0	1.0	[ 87653.96  163560.5     9331.195]	201308740000000.0
593.0	0.0	[60181.695 15077.929  6035.363]	178725420000000.0
116.0	1.0	[ 45530.727  79082.07  167314.31 ]	135592660000000.0
396.0	1.0	[132286.25    55527.266    2868.7686]	188105840000000.0
49.0	0.0	[ 90334.06  152818.83   61147.426]	201790500000000.0
36.0	1.0	[ 54901.586 137094.84   31716.938]	167641160000000.0
4284.0	1.0	[182860.06 104966.92 196907.45]	112128930000000.0
180.0	1.0	[142094.6    52969.367  11817.868]	164261330000000.0
243.0	1.0	[135370.7    44595.562 148655.05 ]	185050360000000.0
38.0	1.0	[204994.55     1081.5936 143079.98  ]	179053480000000.0
99.0	1.0	[ 98684.81  116121.875 201055.25 ]	198890700000000.0
371.0	0.0	[126769.16   82906.71   11140.755]	174660480000000.0
580.0	0.0	[74040.75  40616.992 15943.381]	163210230000000.0
4476.0	1.0	[ 63240.76  15299.94 106690.32]	127507050000000.0
213.0	1.0	[ 79531.86   46793.78  130346.695]	173721040000000.0
1627.0	1.0	[ 17352.053 199192.34   56632.37 ]	156064730000000.0
1728.0	1.0	[129712.57   49597.04   25141.934]	146933050000000.0
95.0	1.0	[100194.836  11756.649 129736.15 ]	160620350000000.0
3759.0	1.0	[  6074.223    2395.2673 154293.05  ]	114362086000000.0
230.0	0.0	[ 82165.29  197609.14   41282.273]	146151140000000.0
583.0	1.0	[ 33303.848  13050.268 132951.06 ]	177805840000000.0
190.0	1.0	[ 83761.1   176819.2    54318.766]	155587980000000.0
164.0	1.0	[187726.98   12482.888 104339.11 ]	167491020000000.0
79.0	1.0	[125875.67 180110.17  70878.2 ]	187930800000000.0
58.0	1.0	[135659.94 135146.12  78578.23]	122913480000000.0
46.0	0.0	[ 54054.75   65163.883 204139.62 ]	134479010000000.0
139.0	1.0	[181009.52   52075.594  52539.62 ]	177005770000000.0
103.0	1.0	[ 89232.95   20020.861 128328.68 ]	163909500000000.0
658.0	1.0	[158838.83 188636.06 159406.92]	140163565000000.0
285.0	1.0	[1.8489831e+05 1.1065312e+05 6.8673637e+01]	187111840000000.0
265.0	1.0	[ 52137.195 111342.35  133049.55 ]	178474010000000.0
96.0	1.0	[103007.195 149494.67  136998.48 ]	170201620000000.0
100.0	1.0	[168551.12 129048.59 155790.73]	111486940000000.0
4449.0	1.0	[182832.34 139425.61 195939.  ]	176244920000000.0
246.0	1.0	[ 62577.254 180397.22   53069.508]	169744320000000.0
212.0	1.0	[  8375.301  202384.56     5202.5786]	171195450000000.0
54.0	1.0	[124902.6    57909.906  26523.244]	170170280000000.0
498.0	1.0	[181333.56   40313.99   84292.555]	137401440000000.0
520.0	1.0	[128769.43 147194.62 136941.53]	176176590000000.0
			162742720000000.0
434.0	1.0	[125506.32   47685.113  20550.5  ]	154801710000000.0
253.0	1.0	[89194.04  70363.01  29368.652]	163859300000000.0
177.0	1.0	[171215.77   19877.238 162931.89 ]	173127850000000.0
51.0	1.0	[ 85559.97 135351.97 197523.52]	152895570000000.0
240.0	1.0	[201304.78  70971.06  85538.77]	183455800000000.0
1595.0	1.0	[181932.98   78245.15   13410.287]	112941215000000.0
1114.0	0.0	[200596.89 195544.4  102626.86]	128181140000000.0
41.0	1.0	[93485.695   1650.5718 52373.99  ]	148736480000000.0
7092.0	1.0	[145583.53 136510.89  75752.04]	137337300000000.0
547.0	1.0	[ 80516.34  110326.54   89639.664]	150488370000000.0
217.0	1.0	[161810.45  45378.72  77787.18]	142675000000000.0
			117365015000000.0
271.0	1.0	[114402.4  146836.11  74743.69]	156103640000000.0
779.0	1.0	[ 61226.395  90641.43  103475.75 ]	182627710000000.0
192.0	1.0	[198742.11   50283.895  47842.47 ]	107746024000000.0
466.0	1.0	[100418.18 157514.61 153359.45]	136576880000000.0
566.0	1.0	[158658.08  148512.92    4518.222]	144609840000000.0
1572.0	1.0	[ 52785.48  87876.96 121092.44]	118919150000000.0
629.0	1.0	[ 80152.93 192928.14 121524.86]	164069610000000.0
31.0	1.0	[ 59616.89  127174.85   69216.266]	142160530000000.0
1000.0	1.0	[ 48301.52 111088.17 186876.7 ]	106295365000000.0
34.0	1.0	[149675.   134052.38  60828.13]	156477500000000.0
125.0	1.0	[199461.89 107597.77  32174.34]	129208070000000.0
390.0	1.0	[100982.32  81657.01  60596.49]	118452360000000.0
740.0	1.0	[129908.625 106101.13   83615.95 ]	148659870000000.0
3050.0	1.0	[134103.9    20243.395 141133.14 ]	138183510000000.0
39.0	1.0	[  7812.032 173140.19   82416.99 ]	138800210000000.0
189.0	1.0	[ 20659.236  11057.107 202335.69 ]	133830540000000.0
160.0	1.0	[57539.195 88406.68  14018.359]	122852950000000.0
435.0	0.0	[165208.28  51004.82 160903.12]	117471510000000.0
224.0	1.0	[150018.34   66568.984  78725.3  ]	151025660000000.0
1106.0	1.0	[ 12597.878  90923.5   196114.3  ]	158652520000000.0
16107.0	1.0	[117659.35   34615.367 167921.8  ]	165268920000000.0
340.0	1.0	[ 37454.59  86317.85 159124.89]	106813580000000.0
472.0	1.0	[ 95753.484 144083.39   37783.16 ]	115317150000000.0
1559.0	1.0	[  8271.664 122190.27  187494.72 ]	136998895000000.0
382.0	0.0	[ 49558.055  88161.88  203333.61 ]	129193660000000.0
194.0	1.0	[166297.89  95387.13  37807.29]	129321415000000.0
925.0	1.0	[ 72839.09  82559.12 119507.28]	116116790000000.0
234.0	1.0	[ 43107.555 182057.17   66154.47 ]	138947200000000.0
291.0	1.0	[  3776.8428 107314.414   23977.373 ]	116181470000000.0
1978.0	1.0	[196864.5    58305.777 106491.62 ]	127733066000000.0
112.0	0.0	[120722.77  93603.59  91041.35]	144810090000000.0
1075.0	1.0	[172916.16   53207.797  61457.4  ]	121661836000000.0
			128017600000000.0
72.0	1.0	[187988.88  71274.17 172342.95]	122974580000000.0
621.0	1.0	[30051.203 93490.93  11256.294]	126042230000000.0
71.0	0.0	[41651.13  21484.81  50779.523]	131011845000000.0
858.0	0.0	[103887.56  121866.445  86078.8  ]	122311780000000.0
259.0	1.0	[ 72589.29  96987.59 157580.77]	128242100000000.0
77.0	1.0	[204526.55 196476.12 201986.86]	114129840000000.0
837.0	1.0	[72677.414 50788.75  43274.28 ]	121109320000000.0
662.0	1.0	[144062.08   62291.043 160779.97 ]	104807805000000.0
238.0	1.0	[157635.4   129625.59   14481.908]	144828500000000.0
1769.0	1.0	[161974.95 171945.31  34768.29]	134836360000000.0
251.0	0.0	[115636.734  24282.896 124164.11 ]	121593210000000.0
89.0	1.0	[ 34312.1  171798.97  37878.42]	138538990000000.0
1047.0	0.0	[147976.47 193831.14 146166.16]	146538930000000.0
5953.0	1.0	[ 14716.922   16030.0205 128009.51  ]	160051120000000.0
336.0	1.0	[129036.5  173788.11  74073.16]	124389475000000.0
1122.0	1.0	[11422.812 52660.65  80692.875]	111531140000000.0
193.0	1.0	[ 55213.13   51990.367 153869.6  ]	113186666000000.0
703.0	1.0	[ 47608.12   76859.445 152602.08 ]	116610620000000.0
500.0	1.0	[47179.023 80226.46  36690.55 ]	109316430000000.0
23763.0	1.0	[143851.34   47820.406  61942.926]	117173380000000.0
906.0	1.0	[121364.54   30358.45   18780.887]	124116800000000.0
5168.0	1.0	[ 10108.805 175510.69  117993.9  ]	116268910000000.0
355.0	1.0	[ 69637.14   10354.817 188524.66 ]	131623660000000.0
277.0	1.0	[58813.98  29605.291 44450.605]	105788100000000.0
206.0	1.0	[134109.52  78230.2   14091.42]	113038210000000.0
129.0	1.0	[116910.71 190891.53 130941.88]	119521040000000.0
633.0	1.0	[185845.69   29583.512 191010.62 ]	118042590000000.0
1089.0	1.0	[150426.9   74539.31 131546.36]	123567070000000.0
239.0	1.0	[101790.99  90471.81  65240.58]	110979650000000.0
149.0	1.0	[121624.33  83246.97 175069.48]	107881320000000.0
1136.0	1.0	[178178.23  30676.45 152141.7 ]	125519060000000.0
1478.0	1.0	[   506.45398 102869.63    200984.38   ]	121995635000000.0
287.0	1.0	[ 15319.687   5661.908 156393.   ]	114313600000000.0
344.0	1.0	[117666.02 134784.94 176069.03]	112847260000000.0
12091.0	1.0	[178224.5    119230.516     712.6444]	103206850000000.0
530.0	1.0	[134961.4  161698.52 186027.25]	116867450000000.0
135.0	1.0	[ 17447.268 114676.75  137485.86 ]	103605214000000.0
97.0	1.0	[182212.84  132868.53   53414.113]	116946104000000.0
1809.0	1.0	[183279.4  116626.99 188160.58]	101806865000000.0
9315.0	1.0	[ 87798.664 200622.02   45793.344]	101358330000000.0
2637.0	1.0	[142706.23   21584.79  122908.445]	111056974000000.0
11864.0	1.0	[36176.582 98490.48  46497.45 ]	126265110000000.0
503.0	1.0	[ 85468.78 120929.93  79358.89]	104744820000000.0
249.0	1.0	[43895.613 98034.72  36399.18 ]	100861290000000.0
2971.0	1.0	[139560.52  42526.96 116413.01]	106887040000000.0
52.0	1.0	[ 72002.06  176895.1    50178.816]	111711850000000.0
509.0	1.0	[166390.97   24291.992  39494.793]	120271570000000.0
3674.0	1.0	[ 34875.32  88915.49 147581.22]	118847880000000.0
210.0	1.0	[178263.86 106155.4  202773.81]	102168360000000.0
1721.0	1.0	[101973.35  152349.69  122851.336]	109812230000000.0
1373.0	1.0	[140375.97  63273.47  73087.42]	131206410000000.0
902.0	0.0	[ 74120.16 200707.48  78225.21]	113904630000000.0
451.0	1.0	[ 23496.305 171458.8   120946.18 ]	106871900000000.0
55.0	1.0	[51579.004 61920.668 15997.892]	100814080000000.0
690.0	1.0	[56147.895 12177.618 69128.336]	115491000000000.0
157.0	1.0	[ 51110.95   52233.008 203730.11 ]	100322040000000.0
553.0	0.0	[125550.35  84025.97 180280.78]	108280250000000.0
6677.0	1.0	[140589.88 165944.38 175589.02]	125426610000000.0
634.0	1.0	[ 88734.336  16758.512 104743.15 ]	106752690000000.0
917.0	0.0	[182008.84 184114.22 166818.52]	106751430000000.0
1738.0	1.0	[197673.     16994.252  66210.58 ]	108786650000000.0
108.0	1.0	[ 52430.74 187302.89  87776.29]	100631760000000.0
791.0	1.0	[ 25445.814 178820.1   126183.88 ]	100990430000000.0
144.0	1.0	[ 24719.068 124971.58   10681.128]	102281830000000.0
657.0	1.0	[164539.6   123234.87   45169.055]	106644210000000.0
1070.0	1.0	[11233.831 45903.88  89113.734]	116380150000000.0
142.0	1.0	[ 25797.95  181715.36   37697.812]	108471880000000.0
611.0	0.0	[109535.85  104269.414 136183.9  ]	107388270000000.0
299.0	1.0	[110719.6    47763.484 176025.92 ]	104113520000000.0
126.0	1.0	[ 53662.38 202742.03 136717.62]	101111640000000.0
379.0	1.0	[192031.77 196139.52  47997.82]	114998090000000.0
250.0	1.0	[133467.2  159757.92 121318.73]	105406020000000.0
416.0	1.0	[87385.695 73690.96  86662.5  ]	104674970000000.0
460.0	1.0	[154619.45  125220.17   52596.836]	105982210000000.0
3401.0	0.0	[61841.598 22894.365 22545.867]	101777600000000.0
